euclidean
7
18 65
0 60
15 32
36 25
46 15
58 58
97 80
0.0 18.681541692269406 33.13608305156178 43.86342439892262 57.30619512757761 40.607881008493905 80.4114419718985
18.681541692269406 0.0 31.76476034853718 50.20956084253277 64.35060217278468 58.034472514187634 99.04039579888602
33.13608305156178 31.76476034853718 0.0 22.135943621178654 35.35533905932738 50.24937810560445 95.01578816175763
43.86342439892262 50.20956084253277 22.135943621178654 0.0 14.142135623730951 39.66106403010388 82.13403679352427
57.30619512757761 64.35060217278468 35.35533905932738 14.142135623730951 0.0 44.64302857109943 82.61961026293939
40.607881008493905 58.034472514187634 50.24937810560445 39.66106403010388 44.64302857109943 0.0 44.77722635447622
80.4114419718985 99.04039579888602 95.01578816175763 82.13403679352427 82.61961026293939 44.77722635447622 0.0
